Transformation matrices: 
STransG1
[[-1.000 0.000 0.000 -369.174]
 [0.000 -1.000 0.000 31.408]
 [0.000 0.000 1.000 -702.437]
 [0.000 0.000 0.000 1.000]]
STransG2
[[-1.000 0.000 0.000 -270.116]
 [0.000 -1.000 0.000 89.509]
 [0.000 0.000 1.000 -702.437]
 [0.000 0.000 0.000 1.000]]
STransG3
[[-1.000 0.000 0.000 -193.822]
 [0.000 -1.000 0.000 261.791]
 [0.000 0.000 1.000 -702.437]
 [0.000 0.000 0.000 1.000]]
STransG4
[[-1.000 0.000 0.000 -169.523]
 [0.000 -1.000 0.000 241.287]
 [0.000 0.000 1.000 -702.437]
 [0.000 0.000 0.000 1.000]]
STransG
[[-1.000 0.000 0.000 -254.428]
 [0.000 -1.000 0.000 147.503]
 [0.000 0.000 1.000 -702.437]
 [0.000 0.000 0.000 1.000]]
Screen Information: 
Width: 1792px, 474.0mm
Height: 1120px, 296.0mm
Webcam Information: 
Width: 1280px
Height: 720px
